F0= 0; 
F1= 1;

%Let n = 10
n= 10;